21.1
100110
x1,x2,x4,x9,x19,x38

21.2

110  3
111  4
1000  3
1111  6
10000  4
10110  6
100000  5


21.3

wynik <-1
mnozenia <-0
dla i = 1,2,...,n wykonuj:
	jeżeli k[i]=0
		mnozenia <- mnozenia *2
	jeżeli k[i] = 1
		mnozenia <- mnozenia*2+1
		
dla i = 1,2,...,mnozenia wykonuj:
	wynik = wynik*x