21.1
100110
x1,x2,x4,x9,x19,x38

21.2

110  3
111  4
1000  3
1111  6
10000  4
10110  6
100000  5


21.3

wynik <-x
mnozenia <-0
dla i = n-1,n-2,...,0 wykonuj:

	wynik <- wynik * wynik
	jeżeli k[i] = 1
		wynik <- wynik*x
		
wypisz wynik
		
